1
2
4
5
6
7
8
10
13
14
17
20
21
22
24
25
26
28
29
30
32
34
35
36
37
38
39
40
41
42
43
44
47
48
49
52
53
54
56
57
58
59
60
61
62
64
65
66
69
70
71
72
75
76
77
80
84
85
86
89
90
92
94
95
96
97
98
99
100
101
103
104
105
106
107
108
111
112
113
114
116
118
119
120
121
126
127
128
129
131
133
134
135
136
140
141
143
144
146
147
148
149
150
152
153
154
155
156
157
161
162
165
167
168
170
171
172
173
174
176
178
180
183
184
185
186
187
188
189
190
191
193
194
195
196
197
198
200
203
204
205
208
211
212
213
215
216
217
219
220
229
231
232
234
235
236
238
239
241
242
243
244
245
246
249
251
252
255
256
258
259
260
261
262
263
265
266
268
269
270
272
273
274
277
279
282
283
284
286
287
288
290
291
292
294
295
296
299
300
301
303
304
305
306
307
308
310
311
313
316
317
318
319
320
321
323
324
326
327
329
330
331
332
333
335
336
337
339
340
342
343
346
348
349
350
352
353
354
355
356
357
358
359
360
362
363
364
365
367
371
373
374
375
377
378
380
381
382
388
389
390
393
394
395
397
398
400
401
402
403
404
406
407
410
411
412
413
414
416
418
422
423
425
428
430
432
433
435
437
438
439
441
442
443
444
446
447
449
452
453
454
456
457
458
460
464
465
468
470
473
475
476
477
479
480
482
485
486
487
488
490
491
492
493
494
495
496
498
499
500
501
504
505
506
507
509
510
511
512
513
517
518
519
520
521
522
523
525
526
527
528
529
530
531
533
534
535
536
537
538
540
541
542
547
548
549
552
553
554
557
558
559
560
562
563
564
565
566
568
571
572
573
574
575
576
577
578
579
580
581
582
583
584
587
589
590
591
592
593
594
595
596
600
602
603
606
607
608
609
611
612
614
615
616
617
618
619
620
622
623
624
626
627
629
630
631
632
634
635
636
638
644
645
646
648
649
650
651
655
657
658
659
663
664
665
668
669
670
672
673
674
675
677
678
680
681
682
684
685
686
688
690
691
693
694
695
697
699
700
701
702
703
704
706
708
709
710
711
712
713
715
716
717
718
720
722
723
724
725
726
727
729
732
734
735
736
737
738
739
740
741
743
744
745
747
748
750
751
754
757
758
759
760
761
762
764
765
767
769
770
772
775
777
779
783
784
785
786
787
788
789
790
791
793
794
795
797
798
801
803
804
805
807
808
809
811
812
814
815
816
817
818
822
823
824
825
826
827
828
830
833
834
838
839
840
841
843
845
846
847
848
850
852
853
854
856
857
858
862
863
865
866
867
868
869
870
873
876
878
879
880
883
884
885
886
887
890
891
892
894
895
896
897
901
902
903
905
906
907
908
910
912
913
914
915
916
918
919
921
922
923
924
925
927
928
929
930
932
933
934
935
937
938
940
941
943
944
945
946
950
952
953
954
956
957
958
959
960
962
963
964
965
967
968
969
970
971
974
975
977
978
979
981
982
983
986
987
988
989
990
993
995
996
997
998
999
1000
1001
1003
1006
1007
1008
1009
1010
1011
1012
1013
1014
1015
1017
1018
1020
1021
1022
1023
1024
1025
1026
1027
1028
1030
1031
1032
1033
1034
1035
1037
1040
1041
1042
1043
1044
1045
1046
1050
1051
1052
1053
1054
1055
1056
1057
1058
1059
1060
1061
1062
1064
1066
1067
1068
1069
1071
1072
1073
1077
1079
1080
1081
1082
1083
1084
1086
1093
1094
1096
1098
1099
1103
1104
1108
1110
1112
1113
1115
1117
1118
1119
1121
1122
1123
1127
1128
1129
1130
1133
1136
1137
1138
1142
1144
1145
1147
1148
1149
1150
1152
1155
1156
1158
1160
1161
1162
1163
1164
1165
1166
1167
1168
1170
1171
1173
1174
1175
1176
1178
1179
1180
1181
1183
1184
1185
1186
1187
1188
1189
1190
1191
1194
1195
1196
1197
1198
1200
1201
1202
1204
1205
1207
1210
1212
1215
1216
1217
1218
1219
1220
1221
1225
1226
1229
1230
1231
1232
1233
1234
1235
1236
1237
1238
1239
1240
1241
1242
1244
1247
1248
1250
1252
1253
1254
1255
1256
1257
1258
1259
1260
1261
1262
1263
1265
1267
1268
1271
1272
1273
1274
1276
1278
1279
1280
1282
1284
1285
1286
1287
1288
1289
1290
1291
1293
1294
1297
1298
1301
1303
1304
1308
1310
1311
1313
1315
1316
1317
1318
1320
1322
1323
1324
1326
1329
1330
1331
1333
1334
1336
1338
1340
1341
1342
1345
1348
1349
1351
1353
1354
1355
1356
1357
1358
1360
1362
1363
1364
1366
1367
1369
1370
1371
1373
1374
1376
1377
1378
1381
1382
1383
1387
1389
1392
1394
1395
1399
1406
1408
1409
1412
1414
1415
1419
1420
1421
1424
1425
1427
1428
1429
1431
1434
1435
1436
1440
1441
1443
1444
1445
1447
1448
1449
1450
1451
1452
1457
1458
1459
1460
1462
1466
1467
1468
1469
1470
1471
1474
1475
1476
1477
1479
1480
1481
1483
1486
1487
1488
1489
1491
1495
1496
1499
1500